1000 50 .1433
1000 100 .6649
1000 150 1.7766
1000 200 3.9552
1000 250 8.5335
1000 300 13.6743
1000 350 18.6839
1000 400 31.7021
1500 50 .1656
1500 100 .8512
1500 150 1.9402
1500 200 3.2539
1500 250 9.6303
1500 300 16.7303
1500 350 32.8943
1500 400 48.2329
2000 50 .2369
2000 100 .8776
2000 150 2.5330
2000 200 4.6093
2000 250 8.7815
2000 300 14.0495
2000 350 37.1208
2000 400 61.2917
2500 50 .3037
2500 100 1.1270
2500 150 3.1158
2500 200 5.7600
2500 250 10.5452
2500 300 13.6649
2500 350 22.0831
2500 400 64.3085
3000 50 .4023
3000 100 1.3673
3000 150 3.2923
3000 200 6.0133
3000 250 8.9155
3000 300 14.9603
3000 350 23.7064
3000 400 43.3213
3500 50 .3859
3500 100 1.2245
3500 150 3.4378
3500 200 6.8221
3500 250 10.7669
3500 300 17.4445
3500 350 26.5072
3500 400 32.6107
4000 50 .3738
4000 100 1.5641
4000 150 3.5090
4000 200 7.6008
4000 250 8.4291
4000 300 17.6030
4000 350 28.4475
4000 400 35.8176
4500 50 .5685
4500 100 1.6038
4500 150 3.7403
4500 200 7.8568
4500 250 12.8348
4500 300 18.3155
4500 350 31.6319
4500 400 38.8597
5000 50 .6486
5000 100 1.8843
5000 150 4.3465
5000 200 8.1438
5000 250 11.4945
5000 300 21.0389
5000 350 29.9999
5000 400 41.1368
5500 50 .6584
5500 100 2.1622
5500 150 4.0569
5500 200 8.6413
5500 250 14.7575
5500 300 20.8995
5500 350 34.3044
5500 400 50.2401
6000 50 .7072
6000 100 2.3306
6000 150 5.0195
6000 200 9.4077
6000 250 14.1656
6000 300 22.4371
6000 350 35.1217
6000 400 46.8094
6500 50 .8870
6500 100 2.2673
6500 150 5.2663
6500 200 9.4984
6500 250 17.2783
6500 300 25.3834
6500 350 38.1062
6500 400 49.9447
7000 50 .8714
7000 100 2.5297
7000 150 5.6265
7000 200 11.9348
7000 250 15.9110
7000 300 25.3745
7000 350 35.7988
7000 400 52.7915
7500 50 .9096
7500 100 2.9231
7500 150 6.5219
7500 200 11.4358
7500 250 17.8951
7500 300 27.9365
7500 350 34.8269
7500 400 61.1704